[[365,295],
[351,332],
[348,392],
[354,448],
[379,498],
[423,532],
[485,572],
[543,603],
[592,613],
[676,593],
[740,563],
[779,531],
[825,476],
[840,421],
[845,366],
[845,322],
[831,273],
[454,248],
[489,230],
[534,230],
[559,245],
[569,261],
[632,255],
[665,232],
[697,231],
[719,241],
[737,261],
[602,292],
[603,325],
[604,346],
[606,376],
[554,415],
[580,426],
[608,428],
[636,415],
[660,401],
[483,279],
[510,266],
[542,283],
[543,300],
[524,307],
[503,302],
[654,295],
[675,270],
[702,270],
[722,280],
[706,296],
[679,304],
[543,493],
[571,472],
[593,457],
[607,475],
[628,463],
[642,478],
[649,502],
[639,522],
[625,529],
[600,537],
[573,529],
[556,505],
[576,495],
[593,485],
[610,489],
[623,496],
[633,502],
[624,509],
[603,514],
[586,501]]